load("~/JSDNE/data/data_PCQDA.rda")
data_PCQDA$Cluster
Cluster <- c(1, 1, 1, 1, 1, 1, 1, 1, 1, 1, 1, 1, 1, 1, 1, 1, 1, 1, 1, 1, 1, 1, 1, 1, 1, 1, 1, 1, 1, 2, 2, 1, 1, 1, 2, 1, 1, 1, 1, 2, 2, 1, 1, 1, 1, 2, 1, 1, 1, 1, 1, 1, 1, 1, 1, 1, 1, 1, 1, 1, 1, 1, 1, 2, 2, 2, 2, 1, 1, 1, 1, 1, 1, 2, 2, 2, 2, 2, 1, 1, 1, 2, 1, 1, 1, 1, 2, 2, 2, 2, 2, 2, 1, 1, 1, 1, 1, 1, 2, 2, 1, 1, 1, 1, 2, 2, 1, 1, 1, 1, 2, 1, 1, 1, 2, 2, 2, 1, 1, 2, 2, 1, 1, 1, 1, 2, 2, 2, 1, 1, 2, 2, 2, 1, 1, 2, 2, 2, 2, 2, 2, 1, 1, 1, 2, 1, 1, 1, 1, 1, 1, 1, 2, 2, 2, 1, 1, 1, 1, 1, 1, 1, 1, 2, 2, 1, 1, 1, 1, 1, 1, 1, 1, 1, 1, 1, 1, 1, 1, 1, 1, 1, 1, 1, 1, 1, 2, 2, 1, 1, 1, 1, 1, 2, 2, 1, 1, 1, 2, 2, 1, 1, 1, 1, 1, 1, 1, 1, 1, 1, 1, 2, 2, 1, 1, 1, 1, 1, 1, 1, 1, 1, 1, 1, 1, 1, 1, 1, 1, 1, 1, 1, 1, 1, 1, 1, 1, 2, 2, 1, 1, 1, 1, 1, 1, 1, 1, 1, 1, 1, 1, 1, 1, 1, 1, 1, 1, 1, 1, 1, 1, 1, 1, 1, 1, 1, 1, 1, 1, 1, 1, 1, 1, 1, 1, 1, 1, 1, 1, 1, 1, 1, 1, 2, 1, 1, 1, 1, 1, 2, 2, 1, 1, 2, 1, 1, 1, 1, 1, 1, 2, 2, 2, 2, 2, 1, 1, 1, 1, 1, 1, 1, 1, 1, 1, 1, 1, 2, 2, 1, 1, 1, 2, 1, 2, 1, 1, 1, 1, 1, 1, 1, 1, 1, 2, 2, 1, 1, 1, 1, 1, 1, 1, 1, 1, 1, 2, 2, 2, 1, 1, 2, 2, 2, 2, 2, 2, 2, 1, 1, 1, 1, 1, 1, 1, 1, 1, 2, 1, 2, 1, 2, 2, 2, 2, 2, 2, 1, 1, 2, 2, 2, 1, 1, 1, 1, 1, 1, 1, 1, 2, 2, 1, 1, 1, 1, 1, 2, 1, 1, 2, 2, 1, 1, 1, 2, 1, 2, 2, 1, 1, 1, 1, 1, 1, 1, 2, 2, 2, 1, 1, 1, 1, 1, 1, 1, 1, 2, 1, 1, 1, 2, 2, 2, 2, 2, 2, 1, 1, 2, 2, 2, 2, 1, 1, 2, 1, 2, 2, 2, 2, 2, 2, 2, 2, 2, 2, 2, 2, 2, 2, 2, 2, 2, 2, 2, 2, 2, 2, 2, 2, 2, 2, 2, 2, 2, 2, 2, 1, 1, 2, 2, 2, 2, 2, 2, 1, 1, 2, 2, 1, 2, 2, 2, 2, 2, 1, 1, 2, 2, 2, 2, 2, 2, 2, 2, 2, 2, 2, 2, 2, 2, 1, 1, 1, 1, 1, 1, 1, 1, 1, 1, 1, 2, 2, 2, 2, 2, 2, 2, 2, 2, 2, 2, 1, 2, 2, 2, 2, 2, 1, 1, 2, 2, 2, 2, 1, 1, 1, 2, 2, 2, 2, 2, 1, 2, 2, 1, 2, 2, 1, 1, 2, 2, 2, 2, 1, 1, 2, 2, 1, 1, 1, 2, 1, 1, 2, 2, 2, 2, 2, 2, 2, 1, 1, 1, 1, 1, 1, 2, 2, 1, 1, 1, 2, 2, 2, 1, 1, 1, 2, 1, 1, 2, 1, 1, 2, 2, 2, 1, 1, 1, 2, 2, 2, 2, 1, 1, 1, 1, 2, 2, 2, 1, 1, 2, 2, 2, 2, 1, 1, 2, 2, 2, 2, 2, 2, 1, 1, 2, 2, 2, 1, 1, 2, 1, 2, 2, 1, 1, 2, 2, 2, 2, 1, 1, 2, 2, 2, 1, 1, 2, 2, 2, 2, 2, 2, 2, 2, 1, 1, 2, 2, 1, 1, 2, 1, 1, 2, 2, 1, 1, 2, 2, 1, 1, 1, 2, 2, 2, 1, 2, 2, 2, 2, 2, 1, 1, 2, 2, 2, 2, 2, 1, 1, 2, 1, 1, 2, 2, 2, 2, 1, 1, 2, 1)
TotalDNE.TotalPolygonFaces <-c(0.016474873, 0.013661289, 0.014458446, 0.017532766, 0.03618447,
0.012674565, 0.016190729, 0.019893512, 0.017768126, 0.01511493, 0.015472721, 0.017775022, 0.020682569, 0.020368101, 0.020520322, 0.011814641, 0.014028993, 0.017606886, 0.014031076, 0.015612481, 0.019779577,
0.01491597,
0.017781164, 0.019185037,
0.016532715, 0.013355735, 0.014007853, 0.019325051, 0.014965237,
0.026838586, 0.035247072, 0.017627987,
0.016170793, 0.014962827,
0.030904664, 0.021180046, 0.020029679, 0.018851518, 0.019189173, 0.018830981, 0.024294171, 0.021817753, 0.021074672, 0.014475941, 0.013903223, 0.021847527,
0.020655906, 0.022580066, 0.019740879, 0.022113316, 0.018923522, 0.02169251, 0.020322446, 0.018784571, 0.017528637,
0.017328759, 0.016343268, 0.017382907,
0.024992522, 0.021902697,
0.019934421, 0.019681616, 0.014297514, 0.021668924, 0.022081876, 0.030838324, 0.03275373, 0.02157425, 0.022859159, 0.012892123, 0.016994329, 0.01608941, 0.013084177,
0.031309427,
0.027879342, 0.023066502, 0.042875464, 0.022653455, 0.018004355, 0.018371286, 0.016328694, 0.020102279, 0.013152439, 0.01555523, 0.019016103, 0.016431713, 0.023739639, 0.021957447,
0.031259049, 0.02373016, 0.027104809, 0.031735441, 0.015816322, 0.016950546, 0.017909605, 0.024942007,
0.018335522, 0.013954608, 0.032038224, 0.04476344, 0.018810353, 0.013970768, 0.01954085, 0.016858139, 0.028435889, 0.032713415, 0.016146701, 0.015161078, 0.016358863, 0.015851075, 0.024212508, 0.016966931, 0.0184797,
0.017808728, 0.031178966, 0.034912406, 0.027708022, 0.017676834, 0.028782576, 0.02507123, 0.027642194, 0.01920609, 0.022278111, 0.012513894, 0.016160014, 0.029408499, 0.029583456, 0.020207385, 0.010605153, 0.012132713, 0.031172313, 0.023466708, 0.027621432, 0.013558557,
0.014708315, 0.024534281, 0.029838683, 0.029030967,
0.026101466, 0.029222491, 0.038827465, 0.017339099, 0.01662483, 0.013894697,
0.033955056, 0.018287788, 0.035403559, 0.013502636, 0.016276389, 0.018636537,
0.014539413, 0.013310625, 0.054058815, 0.019646769, 0.02305664, 0.015406968, 0.01773734, 0.021153756, 0.018831679, 0.014705753, 0.019157851, 0.017045285, 0.021232155, 0.033923219, 0.023548208, 0.015160533, 0.017386785, 0.017610057,
0.014875058, 0.017432371, 0.015381304, 0.014569575, 0.018516035, 0.01907723, 0.021643639, 0.021589307,
0.01512306, 0.013174411, 0.019831416, 0.020291277,
0.017859432, 0.01553625, 0.015182711, 0.020979472, 0.015829231, 0.01257468, 0.026831109, 0.022844915, 0.015663837,
0.015058508, 0.021668532, 0.019877416, 0.021037967,
0.036236823, 0.027512097,
0.02135785, 0.018456739, 0.015499756, 0.034255101, 0.029270238, 0.014505568, 0.020996259, 0.015223816, 0.013460192, 0.016874289, 0.020787595, 0.020338977,
0.014747832, 0.022016637,
0.014129747,
0.019245899, 0.034685481, 0.035480628, 0.020397777,
0.015008184, 0.017502255, 0.019133054, 0.022260045, 0.028910993, 0.017443667,
0.017856269, 0.019727351, 0.021658915, 0.019480998, 0.015307653, 0.0157238, 0.017614886, 0.018147612, 0.017976522, 0.020011792, 0.017029218, 0.019668448, 0.016833961, 0.023203146, 0.020764789, 0.019222803, 0.021467137,
0.032990944, 0.031121264, 0.017736572, 0.015778157,
0.012747334, 0.012722515, 0.021278967,
0.013666204, 0.018674559, 0.020154341, 0.01776964, 0.019340649, 0.017664693, 0.016572007,
0.015372998, 0.01401652, 0.016179083, 0.020206614, 0.01476255, 0.011255224, 0.014115784, 0.015426898, 0.016582973, 0.022298561, 0.012469477,
0.015362165, 0.017710338, 0.016536063, 0.018634311, 0.01908532, 0.019476808, 0.024735153, 0.024383096, 0.015874892, 0.013529474, 0.013353719, 0.013225522, 0.015291259, 0.022610885, 0.022617577,
0.014803466, 0.01849413, 0.013252202, 0.01793093, 0.01820485, 0.015527138, 0.025586556, 0.018021318, 0.019344801, 0.022893288, 0.018256484, 0.019785538, 0.027442919, 0.036930463, 0.01649929, 0.015747837,
0.023888477,
0.019109164, 0.01983846, 0.01535803, 0.014366627,
0.015039356, 0.01429791, 0.023745727,
0.022957969, 0.023837209, 0.025574949, 0.031130934, 0.015155273, 0.016275464, 0.012125304, 0.020630026, 0.017625053, 0.016937334, 0.019501295, 0.041714798, 0.044165958, 0.01199869, 0.015169153, 0.021112105, 0.027978876, 0.022277511, 0.017669586, 0.019219079, 0.013868898, 0.019178792, 0.020300136, 0.027416714, 0.0145271, 0.017596972, 0.0138539, 0.012948137,
0.015706156, 0.01621946, 0.014741236, 0.014093587,
0.017560046, 0.021231916, 0.033175309, 0.015049405, 0.013085913, 0.013987865, 0.011605652, 0.011766538, 0.009642866, 0.013178884, 0.02092037,
0.012287117,
0.01249465, 0.022039587,
0.017641484, 0.024608923, 0.026037278, 0.02576136, 0.022439443, 0.021926493, 0.020686595, 0.026423728, 0.015195188, 0.028718164, 0.024106011, 0.017494621, 0.018840435, 0.015881862, 0.018380964, 0.017232879, 0.01570707,
0.018624111, 0.015872984, 0.018157169, 0.016367638, 0.013565096, 0.033770427,
0.016149927,
0.018195591, 0.019463652, 0.022408386, 0.021173093, 0.062624387,
0.057345191, 0.021984329, 0.017215044, 0.02904335, 0.028615475, 0.028942811, 0.021180046, 0.016121585, 0.014626767,
0.014012526, 0.015188913, 0.018432604, 0.021543782, 0.020697683, 0.023066502, 0.019585005, 0.022973227,
0.016475152, 0.020102279, 0.015376443, 0.02099073, 0.021154482, 0.023661889, 0.023376712, 0.033600125, 0.031953125, 0.018334916, 0.021406867,
0.019519373, 0.027576579, 0.018282955, 0.034469271, 0.030832275, 0.016318538, 0.019292896, 0.01688903, 0.019051561, 0.019358131, 0.016897204, 0.019079819, 0.037685397,
0.024797206, 0.028009339, 0.025158607,
0.017032083, 0.014505514, 0.012969805, 0.013309441, 0.018601707,
0.016819279, 0.013778477,
0.018812545, 0.022783396, 0.01810581, 0.013280597,
0.036089, 0.049324963, 0.021367479, 0.024229634, 0.040045542, 0.026917076, 0.012803592, 0.012613048, 0.021397115, 0.029318782, 0.025401359, 0.030998157,
0.018070604, 0.017263474, 0.026407443, 0.020898618, 0.027304576, 0.06676586, 0.052836918, 0.026095899, 0.028873, 0.052191552, 0.024847926, 0.024116277,
0.02312819, 0.056907751, 0.028925989, 0.029118543, 0.029091212, 0.026489555, 0.032194339, 0.042689126, 0.017957523, 0.033178807,
0.047591529, 0.022869454, 0.028766014, 0.020791148, 0.03618447,
0.024517021, 0.026235356, 0.026717235, 0.033179522, 0.023625509, 0.017567746, 0.044171589, 0.047190051, 0.019484192, 0.012447517,
0.023540458, 0.02146235, 0.02146199, 0.024586907,
0.01820166, 0.037648409, 0.013985195, 0.020584671, 0.023000388, 0.026724257,
0.015719947,
0.021587064, 0.02812733, 0.022577379, 0.027797803, 0.027348, 0.015894131, 0.017084979, 0.020688265, 0.026924572, 0.035103868, 0.024481034, 0.027370497,
0.029350349, 0.018470566, 0.017318038, 0.020852884, 0.020546216, 0.025696555, 0.023587857,
0.027665448, 0.02059437,
0.019394839, 0.01692635, 0.018255056, 0.017240486, 0.018489505, 0.010225582, 0.015562894, 0.015823981, 0.017094909, 0.014684005, 0.015985859, 0.025536593, 0.027609742, 0.028484274, 0.035391874, 0.03054965, 0.021220678, 0.020067399, 0.022430249, 0.02345686, 0.022240581, 0.027212507,
0.019135891, 0.025208839, 0.020258248, 0.043948502, 0.023517057,
0.016957159, 0.017978751, 0.01406369, 0.0452712, 0.032217942, 0.022283018, 0.022428474, 0.019811635, 0.019828522, 0.019990054, 0.035256592, 0.031120406, 0.047472064, 0.036891421, 0.040457094, 0.018898472, 0.023809733, 0.023462714, 0.017159039, 0.025463504, 0.030577633, 0.016602865, 0.015339583, 0.026831595, 0.02692291, 0.028300906, 0.02092423, 0.016622882, 0.017068495, 0.029210631, 0.033529391, 0.024313826, 0.018456739, 0.022584219, 0.035673072, 0.018700128, 0.017266954, 0.026234439, 0.022259142, 0.034146309, 0.029959453, 0.021177489, 0.026203536, 0.014836988, 0.016548723, 0.013240739, 0.015324929, 0.019137996, 0.015094294, 0.016291358, 0.030020389, 0.034563628, 0.01654854, 0.013806541, 0.016914718, 0.028199244, 0.036735225, 0.030712152, 0.019409758, 0.012962881, 0.01156413, 0.027948836, 0.019125842, 0.016285727,
0.015175434, 0.020056674, 0.024528096, 0.022591025, 0.024471319, 0.026771562, 0.019385341, 0.021703165, 0.021259853, 0.027834063, 0.020569712, 0.041992994, 0.055413848, 0.017097509, 0.017423399, 0.016432535, 0.016650083, 0.017952242, 0.024873394, 0.02038672, 0.009670918, 0.011479449, 0.027996362, 0.023527474, 0.022849553, 0.021521979, 0.013950067,
0.018660168, 0.02693788, 0.022720272, 0.039885951, 0.017722292, 0.042884048, 0.024678889, 0.021500868, 0.018663177,
0.028068542, 0.024204345, 0.015507751, 0.019487094, 0.022263185, 0.023340557,
0.022554968, 0.0336624, 0.034587531, 0.016950788, 0.01629166, 0.025035913, 0.025423333, 0.031908297,
0.021292322, 0.021428634, 0.018932952, 0.029361851, 0.029816922, 0.017683667,
0.015309252, 0.020438601, 0.033924025, 0.033937235, 0.039849391, 0.027550464, 0.047029137,
0.031601061, 0.025377884, 0.031940866, 0.015137723, 0.022246743, 0.022557859, 0.023501691, 0.024655733, 0.024786203, 0.022194682, 0.016534433, 0.01308819, 0.025888913, 0.022933261, 0.015903453, 0.015202783, 0.039653113, 0.03513766, 0.026138296, 0.015025283, 0.025788043, 0.029205721, 0.019830816, 0.049394067,
0.021208649, 0.022742284, 0.027736682, 0.022963755, 0.022363654, 0.017413491, 0.01090395, 0.013654491, 0.018931216, 0.025156322, 0.024172065, 0.019245089, 0.023017209, 0.020848469, 0.017306176, 0.058255923, 0.01797551, 0.019412987,
0.025473028, 0.022537151, 0.033352629, 0.025937063, 0.013809907,
0.012205785, 0.018906063, 0.021648065)
MeanDNE.Apex <-c(0.020865093, 0.018962438, 0.028964664, 0.051010037,
0.029771291, 0.028628728, 0.031603936, 0.048861616, 0.053071477,
0.032443113, 0.034857378, 0.042552656, 0.035444797,
0.04749355, 0.03139338, 0.024280779, 0.023682633, 0.02752443, 0.022205643, 0.022208409, 0.028935321, 0.020166342, 0.027855444, 0.03757035, 0.023375077,
0.029837216, 0.043609389, 0.060651223, 0.020917048, 0.04013109, 0.050703508, 0.026102335, 0.027937844, 0.042622268, 0.060018281, 0.025552065, 0.01889711, 0.025057847,
0.024491036, 0.04416526, 0.045101282, 0.046281193, 0.033611904, 0.022037134, 0.022519021, 0.0465886, 0.055892729, 0.043893464, 0.030758098, 0.032571769, 0.043788878, 0.046371994, 0.037386048, 0.026274029, 0.02784373, 0.036102667,
0.041287948, 0.05146171, 0.032122281, 0.046077043, 0.037282289, 0.035540844, 0.020038982, 0.052017226, 0.050551706, 0.031426004, 0.03813573, 0.047183063, 0.041316995, 0.021713834, 0.016986759, 0.039932551, 0.016662271, 0.034797067,
0.05118483, 0.04219339, 0.035762334, 0.039852957,
0.022541298, 0.037409953, 0.018869341, 0.032044987,
0.019581779, 0.02546931, 0.027302908, 0.025238501, 0.038712084, 0.032570408, 0.058338507,
0.042030118, 0.032322215, 0.028537346, 0.02755689, 0.029428237,
0.033633499, 0.033623961, 0.033952647,
0.021467032, 0.03999073, 0.040149208, 0.031295918, 0.030683232, 0.035379846, 0.029081811, 0.044774891, 0.032564822, 0.032372719, 0.022641726, 0.037456347,
0.040769454, 0.025278554, 0.023960439, 0.031108466, 0.030726711, 0.048113963, 0.057454917,
0.029741918, 0.01577219, 0.022792127,
0.027595219, 0.03654766, 0.030517199, 0.031819447,
0.03025971, 0.034652228, 0.064925357,
0.04051114, 0.039604034, 0.026528478, 0.024094139, 0.034457347,
0.050302954, 0.039408535, 0.020103524, 0.037340985, 0.034621324, 0.048823137,
0.049841908, 0.035345588, 0.039910323, 0.049047547,
0.020452361, 0.040934029, 0.029881259, 0.037291753, 0.021449932, 0.025147705, 0.057448898, 0.026621759, 0.027745423, 0.034241964, 0.025714297,
0.034271027,
0.040332017,
0.047301184, 0.027799153, 0.022883541, 0.061682881, 0.03488502, 0.031321195, 0.014289862, 0.036842628, 0.038554181, 0.030415429, 0.032911054, 0.032292163, 0.03601028, 0.010936323, 0.037703114, 0.043618706, 0.033017348, 0.036334785, 0.031837267,
0.041237295, 0.031279247,
0.02499001, 0.040095264, 0.028092734, 0.034147082, 0.026317755, 0.032117249, 0.021934268, 0.028348184, 0.027987996, 0.028866639, 0.024473718, 0.047310355, 0.044014265, 0.015795255, 0.028417375, 0.031376354, 0.035209949, 0.042530938, 0.033295012, 0.04050288, 0.020866499, 0.032610258, 0.020580996, 0.046056686, 0.032051438, 0.025937523, 0.023663244, 0.017265299, 0.025164842, 0.042630255, 0.037561578, 0.020291202, 0.021360747,
0.025356031, 0.021145413, 0.023994541, 0.041074584, 0.039680337,
0.036065328, 0.024894707,
0.024868288, 0.027000663, 0.027000663, 0.046792981, 0.025681965, 0.042873036, 0.044369022, 0.027547992, 0.025381225, 0.022668166, 0.028955004, 0.019867433, 0.028970964, 0.02337279, 0.028584566, 0.037013768, 0.032824483, 0.030531878, 0.030120105, 0.013894975, 0.019597238, 0.037101595, 0.03463241, 0.028421797,
0.031631056, 0.027187027,
0.024181805, 0.028168535, 0.018942103, 0.027910978, 0.021633958, 0.039028557,
0.018101563, 0.043708873, 0.024748196, 0.032418483, 0.019457916, 0.016862904, 0.028725337,
0.046000756, 0.01785971, 0.015113804, 0.026915773, 0.025967478, 0.019918336, 0.028180146, 0.0211734, 0.032882754, 0.019699817,
0.019066541, 0.032088574, 0.040445724, 0.051893978, 0.022337932, 0.032927863, 0.020629553, 0.03197633, 0.023017683, 0.01798863, 0.025886654, 0.032913039, 0.029747753, 0.01603731, 0.041607548, 0.021977952, 0.026694195, 0.046910702, 0.022974523, 0.051933239, 0.028028096, 0.031244745, 0.034940126, 0.039155713, 0.030817814, 0.032158877,
0.041831684, 0.044800035, 0.043150507,
0.041990776, 0.033913802, 0.031701314, 0.034602873, 0.029963695, 0.034582432, 0.029259455, 0.042660138, 0.038353507,
0.031715038, 0.045025863, 0.027522301, 0.021229924, 0.022165429, 0.019665129, 0.02910858, 0.03010934, 0.026074548, 0.036881349, 0.028387058, 0.023200422, 0.033501848, 0.034184675, 0.022711007,
0.033993537,
0.027029245, 0.046381763, 0.041556362, 0.026142967,
0.061332473, 0.038670599, 0.050075213, 0.031521979, 0.048974025, 0.011706747,
0.017211089, 0.024710875, 0.021928176, 0.021356152, 0.022418038, 0.038567323, 0.045232462, 0.053656125, 0.052236608, 0.025581018, 0.021559158, 0.017588016, 0.015792649, 0.016921462, 0.031530393, 0.031530393, 0.020295536, 0.029691495, 0.042318209, 0.038831558, 0.035316652, 0.037185651, 0.026881134, 0.064371932, 0.037328017,
0.056250971, 0.045834547,
0.038596267,
0.041454799, 0.037373112, 0.021265136, 0.047145096, 0.036839084, 0.044901264, 0.03606612, 0.027411042, 0.033635959, 0.041168243, 0.040897417,
0.043854021, 0.021685216, 0.058136063, 0.027740734, 0.036623002, 0.040293556, 0.040293556, 0.049692503, 0.056352915, 0.054044312, 0.045554943, 0.027689905, 0.050210008, 0.049131086, 0.035849173, 0.025552065, 0.030966422, 0.032203792, 0.025482676, 0.021910636, 0.040049497,
0.034451468, 0.041740101, 0.04219339, 0.046427946, 0.026237108, 0.030662668, 0.032044987,
0.041877342, 0.037843238, 0.041695729, 0.033505754, 0.031678527,
0.043903595, 0.040643594, 0.032860935, 0.030692352, 0.035489132, 0.076969706, 0.027798784, 0.026178175, 0.037214336, 0.030491201, 0.035810051, 0.034362567,
0.040682502, 0.032110896, 0.02817761, 0.032633363, 0.039900599, 0.039900599, 0.045787733, 0.029960114, 0.036373445, 0.027837308, 0.018891534, 0.026771967,
0.034346238, 0.046086449, 0.021245623, 0.035920907,
0.049318331, 0.037992457,
0.019659861, 0.059798175, 0.060040545, 0.040828851, 0.059435061, 0.031793524, 0.03266915, 0.024320007,
0.024996224, 0.032132277,
0.036967035, 0.047955032, 0.048766011, 0.023039742, 0.030621413, 0.031968758, 0.025780882, 0.029689671, 0.070421573, 0.055277694, 0.038121891, 0.044810806, 0.069797792, 0.039558736, 0.051731195, 0.036757928, 0.041175972, 0.055751004, 0.049362016, 0.057060964, 0.059562825, 0.050876015, 0.053760974, 0.038107595, 0.04087992, 0.04308162, 0.041793122, 0.05555313, 0.056252414, 0.029771291, 0.039874564, 0.046555757,
0.043363181, 0.027547615, 0.050167045, 0.036914984, 0.042856811, 0.026329374, 0.023512194, 0.034419255, 0.042874653, 0.038635155, 0.027302751, 0.026121501, 0.034611058, 0.046225573, 0.028402143, 0.018307926, 0.060399369, 0.047932645, 0.034660411, 0.037293441, 0.057618084, 0.046599115, 0.030051963, 0.039781208, 0.037117111, 0.028458756, 0.045117482, 0.078680975, 0.052978619, 0.037309915, 0.043666943, 0.040512704, 0.04128488, 0.041119269, 0.053075534, 0.043180516, 0.031102035, 0.037796818, 0.036645121, 0.032415422, 0.037684927,
0.027352905, 0.017067293, 0.020196688, 0.029207318, 0.035029681, 0.042765287,
0.03160977,
0.030580465, 0.02726, 0.025692402, 0.036169035, 0.046367308, 0.046812532, 0.058271892, 0.036162559, 0.033327778, 0.049967954, 0.024486635, 0.036443194, 0.057866898, 0.035315885, 0.033962025, 0.050340975, 0.042902466, 0.046000862, 0.050683572, 0.04887877,
0.023859443, 0.027533923, 0.049247577,
0.05043399, 0.044712928, 0.028338064, 0.02721674, 0.033341109, 0.031365916, 0.060387335, 0.042355595, 0.050557681, 0.062197878, 0.047207005, 0.014744491, 0.042720053, 0.037588691, 0.024267496, 0.052250763, 0.070049793, 0.035825645, 0.026971971, 0.026525709, 0.039672138, 0.040163005, 0.040587135, 0.035654996, 0.045693196, 0.044514188, 0.044014333, 0.028371522, 0.032610258, 0.036409013, 0.029769575, 0.026165403, 0.033862847,
0.030688883, 0.032147872, 0.047056877,
0.032147872, 0.037810934, 0.032873222, 0.033050175, 0.029884238, 0.030359077,
0.039855264, 0.022566741, 0.021539649, 0.02413436, 0.02791054, 0.040013308, 0.024521619, 0.019094836, 0.037215279, 0.033199451, 0.042809615, 0.063254996, 0.022098246, 0.027355347,
0.027960494, 0.075832399, 0.03571246, 0.029360494, 0.040157161, 0.04754396, 0.049204324, 0.03607466, 0.061579855, 0.054799276, 0.022235787,
0.029351013, 0.024323181, 0.057923875, 0.076937062, 0.040153834, 0.033745453, 0.055764606, 0.024141322, 0.037184658, 0.031108016, 0.041569685, 0.044535973, 0.063111677,
0.024657116, 0.020557917,
0.02994672, 0.047581353, 0.069436077,
0.069282219, 0.036779539, 0.022148728, 0.049990192, 0.054861466, 0.04728492, 0.048433585, 0.041167067,
0.047007772, 0.026466436, 0.035622989, 0.049590226, 0.026466436, 0.037485536, 0.03370884, 0.038558794, 0.042239275, 0.028983948, 0.052603859, 0.050200123, 0.032727634, 0.03951427,
0.050473643, 0.03430688, 0.050141932, 0.049972049, 0.042428995, 0.036631995, 0.049036428, 0.043504047,
0.036410629, 0.028503085, 0.026899215, 0.068034816, 0.086782669, 0.047025075, 0.054720803, 0.041587992, 0.042449237,
0.035886416, 0.025170293, 0.039629954, 0.033146646, 0.046139826, 0.02674216, 0.042179674, 0.030503856, 0.036479135, 0.024099395, 0.026033166, 0.049089371, 0.039542908, 0.025718915, 0.019978457,
0.058957763, 0.069156667,
0.024437447,
0.025203185, 0.027771328, 0.046397702, 0.041150393, 0.043858131, 0.038294849, 0.046039826, 0.030901318, 0.045913051, 0.038105129, 0.04140872, 0.022937083, 0.020315959, 0.052849412, 0.047735718, 0.041173389, 0.043942998, 0.039685782, 0.03650933, 0.027284678, 0.051666919, 0.031972562, 0.02956435, 0.036164493, 0.034887132, 0.054286507,
0.07630019, 0.015316456, 0.022289055, 0.051050622, 0.024228021)
MeanDNE.Convex <- c(0.017649373, 0.014491752, 0.017320457,
0.017737075, 0.022754917,
0.013833047,
0.017900345, 0.020517051, 0.016483538, 0.016391472, 0.015757429, 0.021751132, 0.019240065, 0.019674229, 0.019625634, 0.013514981, 0.013761174, 0.018642083, 0.014358879, 0.018000408, 0.018781647,
0.017233618, 0.019622638, 0.020188943, 0.017956964, 0.015558651, 0.016382621, 0.018011681, 0.01569459, 0.026341592, 0.03216248, 0.017323089, 0.015058572, 0.024898073, 0.014590355, 0.022549595, 0.020512108, 0.019641472, 0.022051616, 0.019584108, 0.020234052, 0.013811636, 0.01573856, 0.022403726, 0.018709384, 0.020508912, 0.019279971, 0.023531719, 0.020459254, 0.023535976, 0.020255865, 0.018719791, 0.018455648, 0.020774584, 0.018326233, 0.016351938, 0.016959934, 0.018877687,
0.024369465, 0.023222726, 0.01928101, 0.019501058, 0.015463937,
0.020778454, 0.021280348, 0.031289871, 0.033225231, 0.020657589, 0.022292752, 0.012714177,
0.016452515, 0.015594514, 0.013172664, 0.03001731, 0.028083447,
0.024602378, 0.044018356, 0.024026759, 0.017849437,
0.018959196, 0.016550857,
0.021556101, 0.014478185, 0.016265135, 0.020228141, 0.01567097,
0.024001138, 0.023349915, 0.019385237,
0.025196465, 0.030816919, 0.028509793, 0.028082864, 0.019670812, 0.018732969, 0.018877554, 0.019128112, 0.01356686, 0.031705911, 0.038213794, 0.020003327,
0.015209473, 0.019877867,
0.01713389, 0.0268615, 0.032818731, 0.016982315, 0.01458155, 0.018152541, 0.014244735, 0.025770095, 0.017619855, 0.019759679, 0.017414094, 0.033502928, 0.035470799, 0.0285351, 0.017066745, 0.026154015, 0.026893956, 0.026882344, 0.019224206, 0.021648183, 0.014272662, 0.018640695, 0.029369973, 0.026803468, 0.022444175, 0.011630208, 0.012847732, 0.030245047,
0.024905995, 0.026549748, 0.013383608, 0.016248713, 0.025456889, 0.031406518, 0.032749622, 0.02550671, 0.030498663, 0.012982856, 0.027957906, 0.024080301, 0.01787393, 0.021993789, 0.028794456, 0.01893879, 0.019100026, 0.015745466, 0.022219459, 0.015733668, 0.018490412, 0.014971697,
0.048846985, 0.019454291, 0.019897272, 0.022662625, 0.019153439, 0.021843246, 0.016169762, 0.021452907,
0.016666583, 0.021663103, 0.032205551, 0.024314925, 0.015961216, 0.017694543, 0.018718648, 0.013445303, 0.015442275, 0.013790336, 0.015002537,
0.018585517,
0.019348074, 0.020961549, 0.020291174, 0.014892944, 0.014448622, 0.022155016, 0.022009427,
0.020508552, 0.016199395, 0.016513434, 0.021921948, 0.015082108, 0.013170507,
0.029344562, 0.023111018, 0.015884766, 0.016972654, 0.019425686, 0.017042167,
0.019630358, 0.034841066, 0.02842481, 0.022710646, 0.024199071, 0.014793923, 0.033067803, 0.025292965, 0.014905538, 0.01956216, 0.017044098, 0.01445079, 0.015293978, 0.020580146, 0.021549988, 0.016073763, 0.021323039, 0.014110126, 0.019441216, 0.032929333, 0.034804856, 0.021765492, 0.016864921, 0.016812409, 0.017554787,
0.016729952, 0.016628999, 0.017554787,
0.016750039, 0.013592543, 0.022750148, 0.018491445, 0.015559408, 0.016120173, 0.017880159, 0.019174544, 0.018757745, 0.021019824, 0.017084866, 0.01911821, 0.016947457,
0.022445277,
0.021374069, 0.021497265, 0.022051275, 0.030477903, 0.031243422, 0.019108364, 0.018869503, 0.01373936, 0.013498935, 0.017653143, 0.016010782, 0.018535772, 0.021951594, 0.018920294, 0.018570464, 0.018651156, 0.016493674, 0.015779689, 0.014279821, 0.016834372, 0.020013159, 0.015680084, 0.012945933, 0.015634252, 0.01681958, 0.017012377,
0.021400228, 0.013078851, 0.015957064, 0.018689674, 0.016498788, 0.017069287,
0.018347286, 0.017946567,
0.025010764, 0.023292999, 0.015055809, 0.012147336, 0.014668235, 0.015441521, 0.015337291, 0.021132453, 0.02163647,
0.014108831, 0.017481309, 0.013813578, 0.01681054, 0.018138768, 0.017970476, 0.027558986, 0.018198844, 0.018796906, 0.023882397,
0.018037084, 0.022089968, 0.027093659, 0.033846639, 0.01967425, 0.015380533, 0.022608912, 0.019337681, 0.02025298, 0.012507287,
0.013624677,
0.014327533, 0.018620041, 0.025878278, 0.024182694, 0.024358782, 0.026292969, 0.030559283, 0.016675017,
0.015943815, 0.011447308, 0.019705435, 0.016546523, 0.016794023, 0.017198035, 0.016943883, 0.020170117,
0.012533091, 0.016478964, 0.020819609, 0.027192639, 0.023465367,
0.018073136, 0.01813322, 0.013687392, 0.019357145, 0.022781668, 0.026371058, 0.015102762, 0.01824066, 0.014077278, 0.014025661, 0.016426009, 0.016265294, 0.015107775, 0.012092738, 0.020097029, 0.017564278, 0.021062057,
0.013141809, 0.011977167,
0.011677488, 0.009907508, 0.015341344, 0.020671984, 0.014317922, 0.014317922, 0.015057419, 0.013474396, 0.023687352, 0.024964176, 0.027576112, 0.017130504, 0.02258886, 0.027966819, 0.022406341, 0.027368581, 0.025418291, 0.029743223, 0.048282037,
0.038421632, 0.022970528, 0.029619547,
0.026616222, 0.026114971, 0.021875453, 0.024773704, 0.023492708, 0.032157751, 0.033873547,
0.058547708, 0.02683767,
0.020189603, 0.027679393, 0.028926508, 0.021479982, 0.021479982, 0.022385693, 0.056882642, 0.054598771, 0.020447396, 0.020552694, 0.02219876, 0.027418997,
0.026883925, 0.022549595, 0.01760153, 0.016160926, 0.014180219, 0.016017165, 0.020489281, 0.021168752, 0.021031375, 0.024602378, 0.020765309, 0.020765309, 0.018808015, 0.021556101, 0.023238734, 0.021527684, 0.022848587,
0.023521082, 0.024776201, 0.03248856, 0.033744557,
0.022339437,
0.019439892, 0.020249538, 0.029174666, 0.018263766, 0.041936919, 0.031319404, 0.017809739, 0.021898174, 0.017548724, 0.020362548, 0.021815476, 0.016378798, 0.02002533, 0.038201139, 0.026447109, 0.038128452, 0.025954121, 0.026038263, 0.028055105, 0.025801914, 0.035475145, 0.034764076, 0.033695195, 0.027755788, 0.035058402, 0.022730561, 0.027049989, 0.029790609, 0.035282698, 0.032372618, 0.031895484, 0.029818073, 0.029299739, 0.029129998, 0.024740414, 0.02225625, 0.036504242, 0.029899277,
0.026291106, 0.025847611, 0.026852123, 0.030082667,
0.028205203, 0.025233386, 0.024492306, 0.022843808, 0.019052084, 0.033106995, 0.033842894, 0.045646663, 0.031066653, 0.03333385, 0.036270793, 0.030250722, 0.025178703, 0.031642479, 0.03057924, 0.037626743, 0.028967118, 0.025089491, 0.029615149, 0.030832931, 0.029323431, 0.026576619, 0.024117179, 0.041299246, 0.022754917,
0.025598898, 0.024915097,
0.034014041, 0.028590397,
0.024844207,
0.025881844, 0.043737923, 0.041236009, 0.014736597,
0.020025407,
0.021263971, 0.023558945, 0.024374503, 0.022466378, 0.024972625, 0.039356234, 0.021759593, 0.014552093, 0.02724404, 0.02632323, 0.01623372, 0.021435482, 0.021230374, 0.028197962, 0.027620871, 0.027369986, 0.018267945, 0.018581074, 0.018119825, 0.037175404, 0.028246185, 0.028398307,
0.024576068, 0.017974464, 0.027339228, 0.023074455, 0.022122884, 0.022424053, 0.024963357,
0.026648535, 0.023095648, 0.029580851, 0.018100966, 0.020596163, 0.019847735, 0.02013041, 0.010859303, 0.020082907,
0.017601417,
0.016340923, 0.018154326, 0.017076992, 0.015945304, 0.026373131, 0.029871264, 0.026823307,
0.029613381, 0.034250075, 0.022684961, 0.021362972, 0.026267697,
0.026563576, 0.026511433, 0.023510841, 0.019908831, 0.021382792, 0.027333413, 0.042182708, 0.018441117,
0.023401777,
0.016075142, 0.019998207,
0.031812627,
0.040739554, 0.02356324, 0.024076564, 0.020697941, 0.022765449, 0.02222804, 0.032945307,
0.036231539, 0.045714895, 0.039450494, 0.036954418, 0.018710261, 0.022720331, 0.024665096, 0.020828145, 0.029347678, 0.025048553, 0.015756616, 0.018341884, 0.028031255, 0.027427732, 0.022011591, 0.029292567,
0.018507815, 0.016171899, 0.033218329, 0.028441109, 0.019067597,
0.024199071, 0.0206896, 0.037382258, 0.01897542, 0.019009214, 0.025969066, 0.022830387,
0.032567262, 0.022830387,
0.027732294, 0.022414227,
0.028331718, 0.013689524, 0.017050546, 0.02050541, 0.017457295, 0.015677841, 0.01640452, 0.036190962, 0.029290699, 0.019199149, 0.017238922, 0.014695991, 0.029052896, 0.030745349, 0.038310643, 0.02016995, 0.012128851, 0.015044001, 0.028331927,
0.018281731, 0.018367993, 0.026640632, 0.022409289, 0.01812571, 0.022887737,
0.024323578, 0.024491263, 0.019737724, 0.024189308, 0.023484122, 0.01920735, 0.026112683, 0.051005342, 0.041588361, 0.018092768, 0.017513752, 0.01808925, 0.018469347,
0.027687859, 0.020975341, 0.026443418, 0.011885089, 0.011229171, 0.022967389, 0.025882126, 0.021193364, 0.021193364, 0.018897129, 0.015011819, 0.024318393, 0.027312726, 0.035672781, 0.023321805, 0.026476285, 0.040562764, 0.020024806, 0.022399632, 0.024968515, 0.026575949, 0.024490843, 0.019762567,
0.019612995, 0.026360074, 0.015783697,
0.034362348, 0.034839444, 0.017485833, 0.017941455, 0.024326657,
0.025444328, 0.020550562, 0.029703816, 0.023509916, 0.02044289, 0.02889858, 0.029463174, 0.027583652, 0.020834537,
0.016478027,
0.03511843, 0.037387678, 0.033269352, 0.043592428, 0.027416219, 0.029346266, 0.032219738, 0.031753404, 0.023312801, 0.017149306, 0.024532416, 0.024387595, 0.017974685, 0.023380232, 0.025418181, 0.014123758, 0.016984392, 0.020396771, 0.024389232, 0.017624728, 0.019092196, 0.031022717,
0.038363367,
0.016212136, 0.028614814, 0.021202388, 0.020812513, 0.031961528, 0.047883698, 0.02210092, 0.029106006, 0.02721061, 0.022916294, 0.025067294, 0.020052054, 0.015086215, 0.012077908, 0.023929835, 0.019241626, 0.023976538, 0.022265492, 0.020199584, 0.019370411, 0.022872086, 0.054909439, 0.021782741, 0.019933207,
0.02368576, 0.026263459, 0.024296951, 0.03106497,
0.015151622, 0.015374787,
0.020708522, 0.021855266)
MedianDNE.Whole <-c(0.004835725, 0.004821469, 0.004230588, 0.006061885, 0.008733063, 0.003808696, 0.004920884, 0.008453088, 0.005405719, 0.004978647,
0.005353849, 0.006464616, 0.006220969, 0.006919827,
0.008350784, 0.004900563, 0.005805409, 0.006885159, 0.005906441, 0.006675079, 0.007137101, 0.004636599, 0.006229427,
0.006257607,
0.005478524, 0.00491389, 0.00411925, 0.005283519, 0.005654177,
0.009531131, 0.01164204, 0.007347785, 0.006109738, 0.008465182, 0.004342654, 0.010229966, 0.006536152, 0.00774531, 0.009162401, 0.007385694, 0.006890625, 0.005068364, 0.005485983, 0.008577418, 0.007639575, 0.006680222, 0.008224839, 0.009451389, 0.00674488, 0.006392539, 0.007220544, 0.005155546, 0.006084022, 0.006052281, 0.005661376, 0.006486391, 0.005490826, 0.005769099, 0.008793876, 0.010054228, 0.007053287,
0.00847106, 0.006180981, 0.00824437,
0.007863768, 0.013634787,
0.013576534, 0.00818859, 0.008442858, 0.004267004, 0.006212254, 0.005032922, 0.004963507,
0.010750748, 0.010061494, 0.010834884, 0.016318541, 0.00964941, 0.006609604, 0.006924244, 0.007319549, 0.009244427,
0.004928356, 0.006097394, 0.008247258, 0.006391794, 0.008770667,
0.00860932, 0.007388632, 0.008567548, 0.01282819, 0.008424466, 0.006277393, 0.007909197,
0.007992894, 0.007388239, 0.007677265, 0.005185437,
0.01109049, 0.015999404, 0.00748699, 0.005388649, 0.008607729, 0.006751886, 0.009559995, 0.012118282, 0.00689242, 0.005684538, 0.004924254, 0.004249017,
0.009424888, 0.007565514, 0.007648539, 0.006452303, 0.010097098, 0.013410545, 0.011774287,
0.005458612, 0.006840468, 0.009800542, 0.011763099, 0.00763651, 0.008649033, 0.004054227,
0.006188481, 0.007581992, 0.008336355, 0.008281723, 0.00378289, 0.004103002, 0.011925539, 0.006475471, 0.008965762, 0.004278043, 0.004928912, 0.010912061, 0.011202863, 0.012035135, 0.01032933, 0.012726824, 0.00452654, 0.011096943, 0.010016744, 0.007057423, 0.008239607,
0.012328273, 0.007574971, 0.006642824, 0.006271538, 0.008958887,
0.006764198, 0.008701085, 0.005543974, 0.020374669, 0.007421236, 0.0081273, 0.00897134, 0.007061285, 0.006223822, 0.005984107,
0.007480644, 0.006480138, 0.009028804, 0.012930924, 0.009091698, 0.00480222, 0.006980161, 0.006943245, 0.004693046, 0.005439217,
0.005819333, 0.005411878, 0.006949248, 0.006927404, 0.007998701, 0.007106801, 0.004633798, 0.005186676, 0.007296169, 0.007102353, 0.006569423, 0.004894561, 0.005557286, 0.008062049, 0.006246619, 0.004513109, 0.011089045, 0.008512821, 0.005865027,
0.005097927,
0.008478311, 0.006438829, 0.006611144, 0.01455123, 0.0109502, 0.008114898, 0.008916548, 0.006225169, 0.015443981, 0.010189698, 0.005325671, 0.007337428, 0.005836448, 0.004898161, 0.005367703, 0.007501396, 0.007937773, 0.005616868, 0.009104192, 0.006181442, 0.008019523, 0.011928811, 0.014009416, 0.007467714, 0.005706418, 0.006890921, 0.007339229, 0.006508572, 0.006494208, 0.007339229, 0.007628744, 0.005292144, 0.007173702, 0.006063606, 0.00604349, 0.006261969, 0.006905709, 0.007824191, 0.007937021, 0.006852229, 0.007048762, 0.006315503, 0.007479398, 0.009542038, 0.007338746, 0.008148289, 0.007772014, 0.012623016, 0.013142255, 0.006648138, 0.005852882, 0.005179521, 0.004527619, 0.006738219, 0.005275606, 0.008761856, 0.008696706, 0.00740744, 0.007664713, 0.007256053, 0.006234097,
0.00686617,
0.005411209, 0.005802203, 0.008387907,
0.006884695, 0.00420777,
0.005236099, 0.005715045, 0.007034288, 0.009997166, 0.005060556, 0.006279517,
0.006042213, 0.006009327,
0.005681376, 0.007515252, 0.005758558, 0.01143443, 0.010175375, 0.005469389, 0.003961952, 0.005443543, 0.005532098, 0.006063524, 0.007712584, 0.008764554, 0.005775354, 0.00621246, 0.00593402, 0.006596807,
0.006383745, 0.006660635, 0.009339329, 0.007272104, 0.007262855, 0.008745257,
0.006039574, 0.007145781, 0.007063513, 0.009851774, 0.004651442, 0.004494519, 0.00985801, 0.005999399, 0.006544881, 0.004918645, 0.004683736, 0.004764758, 0.004838875, 0.008423702, 0.007402779, 0.008038226, 0.007683361, 0.008836667,
0.006788802, 0.006618536, 0.004018448, 0.007938763, 0.005958452, 0.005669842, 0.005779442, 0.005680056, 0.006494888, 0.004478458, 0.006152439, 0.005980761, 0.006964274, 0.008669917,
0.00580688, 0.007799184, 0.005038951, 0.006834071, 0.007528494, 0.010591596, 0.005449666, 0.006835985, 0.004296834, 0.00490403, 0.006333332, 0.006619843, 0.004679343, 0.004363662, 0.005444559, 0.006735472, 0.008716654, 0.003595878, 0.004478357,
0.00461662, 0.004014644, 0.005687576, 0.007300544, 0.004270652, 0.004270652, 0.004223295, 0.003908946, 0.007122586, 0.008056139, 0.010039417,
0.005175969, 0.008251741, 0.007150954, 0.007805876, 0.007547221, 0.00916614, 0.006295518, 0.013125361, 0.008972955, 0.007068343, 0.006804947,
0.006609291, 0.00680231, 0.007532473, 0.007271303, 0.008456608, 0.006851396, 0.00677317,
0.005711834, 0.005060208, 0.014597588, 0.006656366, 0.007976293, 0.008003478, 0.008003478, 0.007534212, 0.028015872, 0.028355109, 0.009308463, 0.007790774, 0.007203091, 0.012241546, 0.009558033, 0.010229966, 0.007184632, 0.006074719, 0.004303995, 0.005475019, 0.008414261, 0.008097142, 0.0065559, 0.010834884, 0.008790706, 0.008790706, 0.006391522, 0.009244427,
0.005644439, 0.008296999, 0.009739747,
0.010821228, 0.010404591, 0.011219257,
0.013022407,
0.009941176, 0.007856029, 0.005726995, 0.009529431, 0.005877037,
0.011041853, 0.013032789, 0.007412699, 0.008819382, 0.007572507,
0.006331381, 0.007753055, 0.007190777,
0.00913815, 0.016367925, 0.009617698, 0.012652333, 0.009321202, 0.008296999, 0.005452612, 0.005610587,
0.004376755, 0.006726873, 0.006556546, 0.005272119, 0.008318091, 0.005573494, 0.007136046, 0.005997666, 0.014978165, 0.021331034, 0.00941007,
0.008998803, 0.016492705, 0.011244787,
0.003957135, 0.004118362, 0.00791263, 0.012207007,
0.008132632, 0.010977534, 0.008440315, 0.007042787,
0.01201862, 0.009050348, 0.011005764, 0.024384444, 0.018581331, 0.008524009, 0.011231345, 0.020230358, 0.009616612, 0.008219008, 0.00849401, 0.021336566, 0.008856415, 0.011354925, 0.010148107,
0.007963517,
0.01432308, 0.016146912, 0.007040787,
0.012693735, 0.018434339, 0.008301954, 0.011470513, 0.012152123, 0.008733063, 0.010759723, 0.008255323, 0.015327442, 0.010621856, 0.010486177,
0.007910887,
0.01942478, 0.016285796, 0.004649511, 0.007732004, 0.008150482, 0.009185725, 0.008879448, 0.00928811, 0.010167356, 0.012046387,
0.008493818, 0.005337837,
0.010110398, 0.009073745, 0.005814633, 0.009152689, 0.010222486, 0.012706587,
0.010647702, 0.010476202, 0.006885476, 0.006581875, 0.00796453, 0.014182441, 0.010050332, 0.009569157,
0.009827432, 0.007799848, 0.012018358, 0.008270889, 0.007647868, 0.008444114, 0.009527241, 0.010287664, 0.008952579, 0.011679876, 0.007236803, 0.008570627,
0.006937612, 0.008040103, 0.003951579, 0.007715639, 0.007011593, 0.00700875, 0.006490169, 0.006546922, 0.005779074, 0.010628397,
0.010133029, 0.009699744, 0.011414652, 0.013801591, 0.007370305, 0.007628674, 0.010250082, 0.010431418, 0.009760044, 0.008207449, 0.00817411, 0.007474469, 0.010353322, 0.018579376, 0.006436646, 0.008742512, 0.006056421, 0.008163643, 0.01249441, 0.017850128, 0.008209691, 0.009761557,
0.009006439, 0.008724462, 0.008781761, 0.011748416, 0.013068579, 0.015989729, 0.015159804, 0.013547843, 0.006505384, 0.007992081, 0.006781894, 0.006539547,
0.010911917,
0.009788924, 0.006911261, 0.007595399, 0.009940495, 0.009514789, 0.008587683, 0.009817131, 0.006939201, 0.005460155, 0.012577561, 0.01192939, 0.007153634, 0.008916548, 0.007596082, 0.016983613, 0.007412621, 0.007925949, 0.010024788, 0.00827677,
0.012377821, 0.00827677,
0.009839364, 0.008078765, 0.011438552, 0.005391044, 0.007335188, 0.00610489, 0.005656592, 0.006325297,
0.00630282, 0.010721818, 0.011465687,
0.007023713, 0.005479341, 0.005776348, 0.010961578, 0.013860482, 0.013719304, 0.00750777,
0.004135722, 0.005102834, 0.011335592, 0.007070302, 0.007385751, 0.01148943, 0.00788652, 0.007782766, 0.007455371, 0.009734487,
0.008906836, 0.00687027,
0.009418258, 0.009203755, 0.005155767,
0.006698256, 0.020556718, 0.014770608, 0.006764944, 0.006722427,
0.006304226, 0.006365375, 0.009169593, 0.007994123, 0.010348224, 0.004311104, 0.00351129, 0.008216782, 0.009855148, 0.007259309, 0.007259309, 0.006311234, 0.00446494, 0.008849087,
0.010604476, 0.0132854, 0.00796134, 0.010255742, 0.016177001, 0.008060883, 0.009641309, 0.008634416, 0.009590931, 0.010901919, 0.008084233, 0.0073188, 0.009276942, 0.005109422, 0.011563003, 0.013926322, 0.007141446, 0.007314035, 0.006688753, 0.009647098, 0.008361561, 0.012080108, 0.007341695, 0.007995064, 0.012167354, 0.010083385, 0.009520375, 0.006444469, 0.005886465, 0.012069832, 0.01696981, 0.011901186, 0.019027131, 0.011125122, 0.008532362, 0.011221849, 0.013691712, 0.010353047,
0.006570849, 0.010136909, 0.010297105, 0.006553414, 0.007652963, 0.009604197,
0.005422905, 0.006104797,
0.008584442, 0.009287677,
0.00630715, 0.006594541, 0.011251256, 0.012954954, 0.006443536, 0.009453444, 0.009169048, 0.007843664, 0.010218976, 0.018594732, 0.007524224, 0.00877651, 0.007437332, 0.008449582, 0.010252043, 0.00749712, 0.005586103, 0.00415192, 0.009394267,
0.006724692, 0.009551055, 0.007339044, 0.00759015, 0.00626253, 0.008720593, 0.020153824, 0.008007777,
0.007268891, 0.008660934, 0.010359463, 0.008851814, 0.008902615, 0.005017186, 0.006668574, 0.006877429, 0.009657515)
IQRDNE.Whole <- c(0.010989458, 0.010145274, 0.009255146, 0.01210006, 0.01714114, 0.00784124, 0.010860515, 0.016639911, 0.011486682, 0.009948759, 0.010990218, 0.012925394, 0.014520937,
0.015103704, 0.016091324, 0.009478668, 0.011047541, 0.014174297,
0.01163307,
0.012628021, 0.014018755, 0.010838373, 0.014405015, 0.014403033, 0.012249428, 0.010157377,
0.00961613, 0.012072016, 0.011549295, 0.019431268, 0.025469415, 0.01453833, 0.012118686, 0.019457869, 0.009537869, 0.019344851, 0.014514094, 0.015005394, 0.017956617,
0.015011179, 0.014280273, 0.009833857,
0.010580274, 0.017350242, 0.015885913, 0.013927483, 0.015681918, 0.017984882, 0.01510739, 0.014638284, 0.01498193, 0.012622285, 0.013892893, 0.013950287,
0.012702868, 0.013088381, 0.011592932, 0.011996338, 0.018338729, 0.018943308, 0.015270474, 0.016154432, 0.011124079, 0.017333136, 0.016568863, 0.027283536, 0.026903551, 0.016734337,
0.016597775, 0.008810487,
0.01189835, 0.010380489, 0.010224785, 0.025077441, 0.021877735, 0.020766018, 0.037484976, 0.019235103, 0.014340152, 0.014494817,
0.013953521, 0.017914543, 0.010694835, 0.013018311, 0.01615297,
0.012274207,
0.018477252, 0.018046745, 0.01505357,
0.01885156, 0.02513817,
0.017973584, 0.01586477,
0.016289398, 0.014599324, 0.013852087,
0.015430786, 0.010553616, 0.024422945, 0.035189764, 0.014250558, 0.010474715, 0.017512149, 0.013722602, 0.021087431, 0.026671397,
0.013112755, 0.011719014, 0.010118378, 0.009020434, 0.019268448, 0.014699671, 0.014948605, 0.01314094, 0.023280456, 0.028750634, 0.023190022, 0.011759365, 0.018085544, 0.020530618, 0.023060046, 0.014976252, 0.017520326, 0.008881245, 0.012543006, 0.021752244, 0.019541694, 0.01628504, 0.007563122, 0.008851063, 0.026999838, 0.016556575, 0.02102386, 0.009084449, 0.01030377,
0.021095931, 0.024520226, 0.025934825, 0.020958384, 0.025073833, 0.009429668, 0.023111096, 0.019715674, 0.015260822, 0.01642248, 0.023179103, 0.015047981, 0.014382937,
0.011859066, 0.01810061, 0.013024586, 0.01602046, 0.011409463, 0.04712315, 0.015537646, 0.015449878, 0.018496661, 0.014091112, 0.012807826, 0.012140129, 0.014624955, 0.013118196, 0.017217686, 0.028597971, 0.019108152, 0.01025267,
0.013929054, 0.014177971, 0.010069057,
0.011350154, 0.010869805, 0.011469833, 0.014401007,
0.01389409, 0.017333679, 0.01634001, 0.009891355, 0.010659584, 0.014235892, 0.014193569, 0.012677115, 0.011081058, 0.01195967,
0.017220477,
0.011804234, 0.00891852, 0.023250696, 0.017554475, 0.012131917,
0.010995438, 0.016878835, 0.013824847,
0.015003682, 0.032029417,
0.02507222, 0.017907433, 0.018457741, 0.011900889, 0.030201875, 0.02150419, 0.011046331, 0.014841977,
0.012198587,
0.010448814, 0.01096262, 0.015246712, 0.015980233, 0.011810846, 0.017847683, 0.011569678, 0.016451467,
0.028370894, 0.029817587,
0.016492363, 0.011517328, 0.013428734, 0.014369565, 0.01385616, 0.013752499, 0.014369565, 0.014527795, 0.010464524, 0.01572766, 0.013645871, 0.011710417,
0.01156426, 0.013617506, 0.01515418, 0.01473571, 0.015504343, 0.013017361, 0.013354045, 0.01464727,
0.017653977,
0.01569953, 0.015781376, 0.016570473, 0.027077791, 0.02783777,
0.013546184, 0.012451292, 0.010360888, 0.009557311, 0.013274037,
0.010994629, 0.016021209, 0.017083023, 0.015038943, 0.015085481, 0.014313632, 0.012312507,
0.012843443, 0.010630422, 0.012297456, 0.016278268, 0.012697471, 0.008654439, 0.010459792, 0.011235704, 0.013440833, 0.018685732, 0.0098065, 0.012136027,
0.013827068, 0.01266879, 0.01267896, 0.014549203, 0.012359269, 0.022198207,
0.020233589, 0.011509621, 0.008761588, 0.01041822, 0.010875212, 0.012064718, 0.015383558, 0.017648207,
0.011672873, 0.013328782, 0.011335241, 0.013257745, 0.013912702, 0.013091642, 0.020367555, 0.014535448, 0.015485585, 0.018747207,
0.012284346, 0.01484182, 0.017380658, 0.027411552, 0.009905655, 0.009291526, 0.018898589, 0.013338806, 0.014715757,
0.010204602, 0.010192399, 0.0102039, 0.010479375, 0.017976501, 0.015711406, 0.019024255, 0.018758996, 0.022040858, 0.013149341, 0.01335708, 0.008011182, 0.016001613, 0.012378053, 0.012428692, 0.012434808, 0.011792515, 0.013101277,
0.009177684, 0.012581615, 0.014486876, 0.018604631, 0.018177907,
0.012287344, 0.014713375, 0.010925401, 0.01425618, 0.016665089, 0.021098641, 0.010234779, 0.013145929, 0.009701806, 0.009696428, 0.012678296, 0.013445662, 0.009816905, 0.009031922, 0.011954994, 0.013731939, 0.01794757,
0.007873389, 0.009583026, 0.008982103, 0.00824656, 0.011305607,
0.015081938, 0.009087967,
0.009087967,
0.009055312, 0.008569068, 0.01645458, 0.019308201, 0.020790741, 0.011369595, 0.018996182, 0.015422564, 0.017534878, 0.015101941, 0.020031239, 0.012706662, 0.025150972, 0.017814954, 0.013938398, 0.013744264, 0.013270276, 0.014015926, 0.014591329, 0.01370471, 0.015737658, 0.012751704, 0.012944968, 0.012027213, 0.009932794, 0.028421644, 0.013194167,
0.01548331, 0.016001804, 0.016001804, 0.015516858, 0.058370651, 0.054747648, 0.018152995, 0.015180729, 0.015283343, 0.023784986, 0.022621154, 0.019344851, 0.013472253, 0.011910264, 0.00935371, 0.011276168, 0.015270985, 0.015849043, 0.014404574, 0.020766018, 0.016930966, 0.016930966, 0.013154499, 0.017914543, 0.011868172, 0.017485857,
0.018524039, 0.020719137,
0.020042219, 0.024597479, 0.026940022, 0.019537775, 0.015387873, 0.013654782, 0.020340471, 0.013125223, 0.02291286, 0.025937808, 0.013956105, 0.016712335, 0.014689295, 0.013570065, 0.015386898, 0.01409767,
0.017386751, 0.033088602, 0.020174101, 0.029512596, 0.020563476, 0.017485857,
0.011564694, 0.010826741, 0.009007288, 0.014570816, 0.012924334, 0.011351315, 0.016213039, 0.013462881, 0.014366306, 0.011285976, 0.031982878, 0.046927182, 0.017522075, 0.01810807,
0.035346328, 0.022879466, 0.008509724, 0.008633028, 0.017429426, 0.025465805, 0.020052785, 0.027885026, 0.015942594, 0.014483304, 0.023219815, 0.018422104, 0.022383332, 0.058682428, 0.043768997,
0.01885329, 0.023942563, 0.045707302, 0.019616747,
0.018148605, 0.017344239, 0.04902716, 0.020518265, 0.023837358, 0.023368086, 0.017529955, 0.02887285, 0.035934538, 0.014021854, 0.026819086, 0.043854967,
0.017057601, 0.022108914, 0.02797355, 0.01714114, 0.022860453, 0.018332356, 0.030632995, 0.022796889, 0.019613292, 0.017520272, 0.041096398, 0.037509069, 0.009789756, 0.015598757,
0.01605339, 0.019769185, 0.018966393, 0.018582965, 0.022057692, 0.029995751, 0.017564444, 0.011393477,
0.020659253, 0.01880587,
0.012179649, 0.018539212, 0.018888789, 0.023931361, 0.022686679, 0.023147903, 0.01314234, 0.013383763, 0.014930171, 0.028636055, 0.022758281, 0.02210818, 0.020547209, 0.01537207,
0.023868199, 0.017287207,
0.015083162, 0.016967824, 0.019301237,
0.021976317,
0.017550885, 0.02441979, 0.01409849, 0.016811209, 0.014625477,
0.016771371, 0.008183178, 0.015327982, 0.013632131, 0.013464469, 0.013600733, 0.013545404, 0.012099896, 0.022286256, 0.02200958, 0.0220796, 0.024897645, 0.029861073, 0.016144462, 0.015900213, 0.02088007,
0.020322587,
0.020705227,
0.017980393, 0.016273987,
0.015734863, 0.020601474, 0.038968551, 0.01336198, 0.019449573, 0.012272186, 0.016088993, 0.026496476, 0.037400638, 0.017376597,
0.019691786, 0.01751774, 0.017840738, 0.016979472, 0.024936247,
0.027649851, 0.039704389, 0.032961991, 0.031107831, 0.014977183, 0.017238076, 0.016769347,
0.013294461, 0.023599366, 0.020493991, 0.013165629, 0.014252419, 0.021370887,
0.019705018, 0.016979361, 0.020987098, 0.01434024, 0.012058729, 0.02811857,
0.025467093, 0.015499729, 0.018457741, 0.015573654, 0.033098525, 0.014538011, 0.01546915, 0.02106658, 0.018428039, 0.025381591, 0.018428039, 0.021878644, 0.016745746, 0.023219306, 0.010114278, 0.013849832, 0.01370884, 0.011447228, 0.012780198, 0.012734588, 0.026171338, 0.023350878, 0.01366405, 0.012161656, 0.012040952, 0.023127894, 0.025842738, 0.027628126, 0.015686185, 0.008645581, 0.010723839, 0.022411993, 0.013443685, 0.015268119, 0.021899986, 0.01694267,
0.015003472, 0.01710658, 0.019991949, 0.018754652, 0.013989763, 0.019076521, 0.017859854, 0.011645579, 0.017218548, 0.046664014, 0.035017844, 0.013668658, 0.013773148, 0.012307444, 0.013335251, 0.019344345, 0.015443967,
0.020442583, 0.008359515, 0.007036704, 0.017319356, 0.021356513, 0.015483448, 0.015483448, 0.012949633, 0.01045971, 0.018790986, 0.022307654, 0.032932451, 0.017719494, 0.020505822, 0.035103409, 0.015913106, 0.018581093, 0.019532856, 0.022074911, 0.020973921, 0.01735105, 0.015782237,
0.01935523, 0.010254715, 0.029192599, 0.029412825, 0.01374587,
0.014448719, 0.015256311, 0.019552964, 0.016948939, 0.024555683, 0.014707416, 0.016548346, 0.0240728, 0.022773567,
0.02099928, 0.014767486, 0.012226127,
0.026475648, 0.033279664, 0.026130941, 0.039708619, 0.022348861, 0.020068993, 0.026765027,
0.030214882, 0.019518094, 0.012396559, 0.020653353, 0.02054716, 0.013295834, 0.016518067,
0.020346308, 0.011026478, 0.01203909, 0.016620168, 0.021130758, 0.013021643, 0.013475838, 0.024892492, 0.030821635, 0.012968356, 0.020063002, 0.01745583, 0.015675316, 0.022439639, 0.042830087,
0.016663341, 0.019912254, 0.017452534, 0.01755595, 0.020078041, 0.01611473, 0.010864774, 0.008556641, 0.019515843, 0.014038341, 0.019442437,
0.015895586, 0.016316996, 0.013498206, 0.017595288, 0.050627467,
0.016567535, 0.014764875, 0.018437833, 0.02183985, 0.01905944, 0.022051983, 0.010193551, 0.012168926, 0.014745658, 0.018667184)
data_PCLR<- data.frame(Cluster, TotalDNE.TotalPolygonFaces, MeanDNE.Apex, MeanDNE.Convex, MedianDNE.Whole, IQRDNE.Whole)
use_data(data_PCLR)
model_PCLR<-subset(data_PCLR,select=-c(Cluster))
PCLR_df<-scale(model_PCLR)
PCLR_df.pca <- prcomp(PCLR_df)
PCLR_pca<-PCLR_df.pca$x[,1:2]
PCLR_df2<-data.frame(Cluster=data_PCLR$Cluster, PCLR_pca)
PCLR<-nnet::multinom(Cluster~.,data=PCLR_df2)
whole_raw<-molaR::DNE(x,BoundaryDiscard='None')
whole_DED<-data.frame(whole_raw$Face_Values)
whole_DNE<-whole_DED$Dirichlet_Energy_Densities*whole_DED$Face_Areas
df_whole_DNE<-data.frame(whole_DNE)
apex_raw<- molaR::DNE(y,BoundaryDiscard='None')
apex_DED<-data.frame(apex_raw$Face_Values)
apex_DNE<-apex_DED$Dirichlet_Energy_Densities*apex_DED$Face_Areas
df_apex_DNE<-data.frame(apex_DNE)
TotalDNE.TotalPolygonFaces<-mean(df_whole_DNE$whole_DNE)
MedianDNE.Whole<-median(df_whole_DNE$whole_DNE)
IQRDNE.Whole<-IQR(df_whole_DNE$whole_DNE)
MeanDNE.Convex<-whole_raw$Convex_DNE/nrow(whole_DED[whole_DED$Kappa_Values>0,])
MeanDNE.Apex<-mean(df_apex_DNE$apex_DNE)
est_PCLR<-data.frame(TotalDNE.TotalPolygonFaces, MeanDNE.Apex, MeanDNE.Convex, MedianDNE.Whole, IQRDNE.Whole)
PCLR_Bind<-rbind(est_PCLR, model_PCLR)
PCLR_scale_Bind<-scale(PCLR_Bind)
PCLR_Bind_est.pca.x <- as.matrix(PCLR_scale_Bind) %*% PCLR_df.pca$rotation
PCLR_Bind_est<-data.frame(PCLR_Bind_est.pca.x)
PCLR_est <- PCLR_Bind_est [1,1:2]
PCLR_pred<-predict(PCLR,PCLR_est,type="class")
PCLR_result<-data.frame(PCLR_pred)
PCLR_result<-dplyr::mutate(PCLR_result, Age= dplyr::case_when(PCLR_pred == 1 ~ 'Under 67', PCLR_pred == 2 ~ 'Over 63', TRUE~'x'))
names(PCLR_result)<-c("Estimated age group","Estimated age range")
PCLR_result
head(data_PCQDA)
model_PCQDA<-subset(data_PCQDA,select=-c(Cluster))
PCQDA_df<-scale(model_PCQDA)
PCQDA_df.pca <- prcomp(PCQDA_df)
PCQDA_pca<- PCQDA_df.pca$x[,1:2]
PCQDA_df2<-data.frame(Cluster=data_PCQDA$Cluster, PCQDA_pca)
PCQDA<-MASS::qda(Cluster~.,data=PCQDA_df2)
whole_raw<-molaR::DNE(x,BoundaryDiscard='None')
whole_DED<-data.frame(whole_raw$Face_Values)
whole_DNE<-whole_DED$Dirichlet_Energy_Densities*whole_DED$Face_Areas
df_whole_DNE<-data.frame(whole_DNE)
apex_raw<- molaR::DNE(y,BoundaryDiscard='None')
apex_DED<-data.frame(apex_raw$Face_Values)
apex_DNE<-apex_DED$Dirichlet_Energy_Densities*apex_DED$Face_Areas
df_apex_DNE<-data.frame(apex_DNE)
TotalDNE.TotalPolygonFaces<-mean(df_whole_DNE$whole_DNE)
MeanDNE.Apex<-mean(df_apex_DNE$apex_DNE)
Fine<-df_whole_DNE[df_whole_DNE$whole_DNE<=0.0001,]
Macro<- df_whole_DNE[df_whole_DNE$whole_DNE>0.6,]
df_fine<-data.frame(Fine)
df_macro<-data.frame(Macro)
Proportion.DNEunder0.0001<-nrow(df_fine)/nrow(df_whole_DNE)
Proportion.DNEover0.6<- nrow(df_macro)/nrow(df_whole_DNE)
est_PCQDA<-data.frame(Proportion.DNEunder0.0001, Proportion.DNEover0.6, MeanDNE.Apex, TotalDNE.TotalPolygonFaces)
PCQDA_Bind<-rbind(est_PCQDA,model_PCQDA)
PCQDA_scale_Bind<-scale(PCQDA_Bind)
PCQDA_Bind_est.pca.x <- as.matrix(PCQDA_scale_Bind) %*% PCQDA_df.pca$rotation
PCQDA_Bind_est<-data.frame(PCQDA_Bind_est.pca.x)
PCQDA_est <- PCQDA_Bind_est[1,1:2]
PCQDA_pred<-predict(PCQDA, PCQDA_est,type="class")
PCQDA_Estimated <- PCQDA_pred$class
PCQDA_result<-data.frame(PCQDA_Estimated)
PCQDA_result<-dplyr::mutate(PCQDA_result, Age= dplyr::case_when(PCQDA_Estimated == 1 ~ '20-54', PCQDA_Estimated == 2 ~ '31-74', PCQDA_Estimated == 3 ~ '63-93', PCQDA_Estimated == 4~ 'Over 77', TRUE~'x'))
names(PCQDA_result)<-c("Estimated age group","Estimated age range")
PCQDA_result
head(data_PCR)
model_PCR<-subset(data_PCR,select=-c(Age))
PCR_df<-scale(model_PCR)
PCR_df.pca <- prcomp(PCR_df)
PCR_pca<-PCR_df.pca$x[,1:2]
PCR_df2<-data.frame(Age=data_PCR$Age, PCR_pca)
PCR <-lm(Age~., data = PCR_df2)
whole_raw<-molaR::DNE(x,BoundaryDiscard='None')
whole_DED<-data.frame(whole_raw$Face_Values)
whole_DNE<-whole_DED$Dirichlet_Energy_Densities*whole_DED$Face_Areas
df_whole_DNE<-data.frame(whole_DNE)
apex_raw<- molaR::DNE(y,BoundaryDiscard='None')
apex_DED<-data.frame(apex_raw$Face_Values)
apex_DNE<-apex_DED$Dirichlet_Energy_Densities*apex_DED$Face_Areas
df_apex_DNE<-data.frame(apex_DNE)
TotalDNE.TotalPolygonFaces<-mean(df_whole_DNE$whole_DNE)
MeanDNE.Apex<-mean(df_apex_DNE$apex_DNE)
IQRDNE.Apex<-IQR(df_apex_DNE$apex_DNE)
MeanDNE.Convex<-whole_raw$Convex_DNE/nrow(whole_DED[whole_DED$Kappa_Values>0,])
Fine<-df_whole_DNE[df_whole_DNE$whole_DNE<=0.0001,]
df_fine<-data.frame(Fine)
Proportion.DNEunder0.0001<-nrow(df_fine)/nrow(df_whole_DNE)
est_PCR<-data.frame(TotalDNE.TotalPolygonFaces, MeanDNE.Apex, IQRDNE.Apex, MeanDNE.Convex, Proportion.DNEunder0.0001)
PCR_Bind<-rbind(est_PCR,model_PCR)
PCR_scale_Bind<-scale(PCR_Bind)
PCR_Bind_est.pca.x <- as.matrix(PCR_scale_Bind) %*% PCR_df.pca$rotation
PCR_est_df<- PCR_Bind_est.pca.x[1,1:2]
PCR_est<-data.frame(t(PCR_est_df))
PCR_pred<-predict(PCR, PCR_est)
PCR_result<-data.frame(PCR_pred)
names(PCR_result)<-c("Estimated age")
PCR_result[,"SE"]<-c("12.58yrs")
PCR_result
document()
build()
